135 8 18 255
255 36 16 255
255 118 106 255
255 180 174 255
255 108 16 255
255 165 128 255
255 144 16 255
255 207 152 255
DIV: Reds/Oranges

117 98 19 255
255 212 41 255
255 240 160 255
84 103 0 255
195 239 0 255
233 255 133 255
255 173 41 255
255 201 115 255
DIV: Yellows

0 100 0 255
0 255 0 255
195 255 195 255
0 146 54 255
0 212 70 255
140 255 144 255
62 135 6 255
109 135 89 255
DIV: Greens

168 255 255 255
0 255 255 255
0 187 255 255
0 130 255 255
0 65 255 255
0 38 149 255
0 117 117 255
157 182 255 255
DIV: Turqs/Blues

215 186 255 255
120 106 165 255
65 57 90 255
189 95 255 255
114 0 195 255
51 0 87 255
128 0 128 255
128 64 128 255
DIV: Purples

255 0 115 255
255 109 147 255
255 109 255 255
255 0 255 255
248 184 248 255
248 74 0 255
152 228 255 255
101 135 6 255
DIV: Pinks/Others

79 40 0 255
128 65 0 255
128 86 43 255
128 107 85 255
168 86 0 255
187 115 38 255
255 214 171 255
255 187 117 255
DIV: Browns

144 89 66 255
255 202 179 255
0 0 0 255
51 51 51 255
102 102 102 255
153 153 153 255
204 204 204 255
255 255 255 255
DIV: Grays