244 67 54 255
255 152 0 255
255 235 59 255
139 195 74 255
76 175 80 255
0 150 136 255
0 188 212 255
33 150 243 255
63 81 181 255
103 58 183 255
156 39 176 255
236 64 122 255
DIV: Gradient 1

255 255 255 255
247 247 247 255
240 240 240 255
233 233 233 255
224 224 224 255
189 189 189 255
158 158 158 255
117 117 117 255
97 97 97 255
66 66 66 255
33 33 33 255
0 0 0 255
DIV: Gradient 2

242 242 242 255
189 189 189 255
240 207 200 255
236 177 118 255
234 182 78 255
173 217 0 255
122 204 0 255
36 179 0 255
0 166 0 255
255 235 193 255
159 159 255 255
108 108 255 255
DIV: Gradient 3

50 136 188 255
75 164 177 255
100 192 165 255
133 206 164 255
167 219 164 255
196 231 158 255
224 242 153 255
254 251 185 255
253 219 135 255
253 184 105 255
245 119 71 255
219 72 76 255
DIV: Gradient 4

230 187 156 255
222 169 143 255
202 143 137 255
192 120 135 255
173 104 130 255
145 88 129 255
132 79 126 255
117 72 127 255
87 52 100 255
71 35 85 255
49 29 92 255
34 19 74 255
DIV: Gradient 5