20 20 20 255
DIV: Default

255 0 0 255
255 96 0 255
255 144 0 255
255 196 0 255
255 255 0 255
196 255 0 255
96 255 0 255
0 235 0 255
0 255 196 255
0 255 255 255
0 196 255 255
0 144 255 255
0 72 255 255
0 0 235 255
72 0 255 255
DIV: Slots A

144 0 255 255
200 0 255 255
255 0 255 255
255 0 160 255
225 225 225 255
160 160 160 255
102 102 102 255
60 60 60 255
255 215 176 255
204 172 141 255
153 129 106 255
102 86 70 255
77 64 53 255
110 217 152 255
71 140 99 255
32 64 45 255
DIV: Slots B

255 179 179 255
255 203 179 255
255 229 179 255
255 255 179 255
209 255 179 255
179 255 179 255
179 255 255 255
179 221 255 255
179 179 255 255
216 179 255 255
255 179 255 255
154 0 0 255
154 80 0 255
152 154 0 255
0 154 0 255
0 152 154 255
DIV: Slots C

0 83 154 255
0 0 154 255
76 0 154 255
154 0 152 255
192 105 121 255
119 86 141 255
94 119 115 255
216 214 255 255
173 171 204 255
130 128 153 255
86 86 102 255
255 214 218 255
204 171 174 255
153 128 131 255
102 86 87 255
167 64 117 255
DIV: Slots D