255 0 0 255
255 255 0 255
125 255 0 255
0 255 0 255
0 255 255 255
0 0 255 255
125 0 255 255
255 0 255 255
DIV: Colors

125 0 0 255
125 125 0 255
63 125 0 255
0 125 0 255
0 125 125 255
0 0 125 255
63 0 125 255
125 0 125 255
DIV: Darks

255 200 200 255
255 255 200 255
228 255 200 255
200 255 200 255
200 255 255 255
200 200 255 255
228 200 255 255
255 200 255 255
DIV: Softs

255 0 0 125
255 255 0 125
125 255 0 125
0 255 0 125
0 255 255 125
0 0 255 125
125 0 255 125
255 0 255 125
DIV: Trans

255 255 255 255
195 195 195 255
135 135 135 255
75 75 75 255
15 15 15 255
255 255 255 125
135 135 135 125
15 15 15 125
DIV: Greyscale

255 223 191 255
255 186 117 255
255 158 62 255
255 130 4 255
191 96 0 255
136 68 0 255
85 43 0 255
62 31 0 255
DIV: Browns

128 0 255 255
128 0 255 125
64 0 128 255
64 0 128 125
0 0 0 0
255 255 255 63
15 15 15 63
35 245 124 255
DIV: Special (Rack 1)

35 245 124 125
139 176 233 255
139 176 233 185
139 176 233 75
230 207 132 255
230 207 132 125
0 0 0 255
0 0 0 125
DIV: Special (Rack 2)


