192 30 23 255
219 110 30 255
243 176 18 255
110 132 68 255
35 119 69 255
96 117 153 255
57 73 124 255
91 52 105 255
DIV: Vibrants

125 15 10 255
180 66 0 255
185 119 34 255
56 85 28 255
27 78 57 255
45 61 102 255
22 28 59 255
40 25 66 255
DIV: Shaded

204 108 107 255
222 159 125 255
238 204 139 255
164 181 110 255
127 171 134 255
144 164 173 255
115 129 156 255
185 122 146 255
DIV: Softened

129 74 44 255
156 100 68 255
159 125 73 255
96 115 73 255
57 108 76 255
100 122 139 255
64 93 115 255
103 73 98 255
DIV: Dulled

117 76 52 255
132 95 62 255
164 132 83 255
69 83 51 255
27 52 42 255
68 83 102 255
39 57 76 255
66 51 56 255
DIV: Vintage

207 175 144 255
190 158 122 255
178 139 102 255
154 113 79 255
120 83 56 255
88 59 35 255
62 37 15 255
40 23 8 255
DIV: Browns

241 239 236 255
222 217 214 255
188 185 183 255
164 159 153 255
125 124 117 255
88 86 81 255
45 45 42 255
18 17 15 255
DIV: Greys

246 244 241 171
161 190 204 170
57 68 79 170
192 30 23 161
243 176 18 161
35 119 69 161
219 110 30 161
57 73 124 161
DIV: New Division

