255 255 255 255
228 228 228 255
205 205 205 255
150 150 150 255
100 100 100 255
55 55 55 255
28 28 28 255
255 255 255 150
28 28 28 150
DIV:Greys

255 0 0 255
200 0 0 255
175 0 0 255
150 0 0 255
132 0 0 255
75 0 0 255
43 0 0 255
255 0 0 150
75 0 0 150
DIV:Red

255 0 255 255
200 0 200 255
150 0 150 255
125 0 125 255
86 0 86 255
73 0 73 255
45 0 45 255
255 0 255 150
73 0 73 150
DIV:Pinks / Purples

0 255 0 255
0 225 0 255
0 190 0 255
0 147 0 255
0 105 0 255
0 75 0 255
0 39 0 255
0 255 0 150
0 75 0 150
DIV:Greens

0 255 255 255
0 200 255 255
0 182 255 255
0 124 255 255
0 66 255 255
0 28 255 255
0 0 255 255
0 255 255 150
0 28 255 150
DIV:Blues

123 93 64 255
113 82 51 255
107 75 42 255
95 59 24 255
89 52 15 255
79 51 2 255
70 29 0 255
123 93 64 150
70 29 0 150
DIV:Browns

0 0 0 0
0 0 0 255
237 218 116 255
255 149 20 255
198 116 15 255
127 106 0 255
255 255 0 255
250 250 210 255
255 218 183 255
DIV: WackerZ's Specials
