255 0 0 255
255 123 0 255
229 229 0 255
0 255 0 255
0 128 64 255
0 200 255 255
0 127 255 255
0 0 255 255
127 0 255 255
DIV:Standard Colors

169 0 0 255
168 81 0 255
189 189 0 255
0 169 0 255
0 87 43 255
0 132 168 255
0 84 168 255
0 0 169 255
84 0 168 255
DIV:Dark Standard

255 0 0 128
255 123 0 128
229 229 0 128
0 255 0 128
0 128 64 128
135 206 250 150
0 127 255 128
0 0 255 128
127 0 255 128
DIV:Transparent Standard

138 178 141 255
110 139 61 255
61 89 171 255
8 37 103 255
136 101 49 255
81 61 30 255
254 194 0 255
255 0 128 255
254 112 189 255
DIV:Demian's Specials

255 255 255 0
255 255 255 128
255 255 255 170
128 128 128 128
20 20 20 128
100 50 0 128
139 125 107 255
101 90 78 255
254 112 189 128
DIV:Demian's Specials 2

186 138 67 255
179 126 76 255
163 113 62 255
150 100 50 255
138 88 39 255
125 77 29 255
112 66 20 255
100 50 0 255
107 66 38 255
DIV:Sepia

255 255 255 255
223 223 223 255
191 191 191 255
159 159 159 255
128 128 128 255
110 110 110 255
95 95 95 255
63 63 63 255
20 20 20 255
DIV:Grayscale