255 0 0 255 
255 128 0 255
255 255 0 255
0 255 0 255
0 255 255 255
0 128 255 255
0 0 255 255
128 0 255 255
255 61 255 255
97 0 194 255
DIV:RainbowSteps

255 128 0 100 
255 255 0 100 
0 255 0 100   
0 255 255 100  
0 128 255 100 
0 0 255 100  
128 0 255 100  
97 0 194 100
255 61 255 100 
DIV:TransSteps


255 255 255 255
194 194 194 255
133 133 133 255
122 122 122 255
61 61 61 255
92 92 92 255
31 31 31 255
0 0 0 255
DIV:DarkSteps



0 214 214 255
20 255 255 255
0 153 153 255
71 117 255 55
0 153 204 255
133 163 255 255
71 194 194 255
DIV:Seasteps




153 102 51 255
194 133 71 255
153 153 51 255
209 163 117 255
163 209 117 255
0 163 82 255
DIV:DirtySteps