255 0 0 255
236 112 0 255
248 254 16 255
122 233 1 255
0 234 18 255
1 231 104 255
21 238 255 255
0 0 215 255
74 6 255 255
137 0 210 255
239 1 156 255
DIV:Spectrum-Basic

140 0 0 255
147 70 0 255
147 150 1 255
69 131 1 255
0 125 10 255
1 135 62 255
0 130 140 255
0 0 121 255
31 0 113 255
88 0 136 255
137 1 89 255
DIV:Spectrum-Dark

255 26 26 255
255 149 53 255
249 254 56 255
155 254 46 255
70 255 84 255
75 254 156 255
72 72 255 255
187 60 255 255
254 46 103 255
DIV:Spectrum-Light

255 255 255 255
218 218 218 255
197 197 197 255
154 163 154 255
115 121 113 255
77 81 79 255
35 37 36 255
0 0 0 255
DIV:Spectrum-Grayscale

207 176 141 255
189 147 100 255
164 117 70 255
137 91 58 255
111 72 45 255
77 50 32 255
DIV:Spectrum-Browns

255 0 0 128
236 112 0 128
248 254 16 128
122 233 1 128
0 234 18 128
1 231 104 128
21 238 255 128
0 0 215 128
239 1 156 128
0 0 0 0
DIV:Spectrum-Trans-Basic

255 255 255 128
197 197 197 128
154 163 154 128
115 121 113 128
77 81 79 128
35 37 36 128
0 0 0 128
DIV:Spectrum-Trans-Grayscale

164 117 70 128
77 50 32 128
DIV:Spectrum-Trans-Browns