113 12 0 255  //Brick Redz
255 0 0 255   //Red
255 100 0 255 //Red orange
255 130 0 255 //Orange
255 200 0 255 //Yellornage
255 255 0 255 //Yellow
0 255 0 255   //birght yellogreen
0 128 0 255   //normalgreenz
0 60 0 255  //dark green
0 150 200 255 //lgt blu
0 95 178 255 //med blu
0 0 170 255 //blu
0 0 115 255 //dark blu
150 0 200 255 //prpl
255 0 128 255 //pnk

DIV:Tape's Basic

113 12 0 110  //Brick
255 0 0 110   //Red
255 100 0 110 //Red orange
255 130 0 110 //Orange
255 200 0 110 //Yellornage
255 255 0 110 //yello
0 255 0 110   //birght yellogreen
0 128 0 110   //normalgreenz
0 60 0 110  //dark green
0 150 200 110 //lgt blu
0 95 178 110 //med blu
0 0 170 110 //blu
0 0 115 110 //dark blu
150 0 200 110 //prpl
255 0 128 110 //pnk

DIV:Tape's Trans



255 255 255 255 //1
209 209 209 255 //3
162 162 162 255 //5
116 116 116 255 //7
70 70 70 255 //9
46 46 46 255 //10
23 23 23 255 //11
215 193 166 255 //3
189 156 116 255 //5
162 123 75 255 //7
136 94 42 255 //9
123 81 28 255 //10
109 68 17 255 //11
96 57 7 255 //12
128 65 0 255 //brun

DIV:Tape's Mono's

255 255 255 110 //1 Blk
209 209 209 110 
162 162 162 110 
116 116 116 110 
70 70 70 110 
46 46 46 110 
23 23 23 110 
215 193 166 110 //3
189 156 116 110 //5
162 123 75 110 //7
136 94 42 110 //9
123 81 28 110 //10
109 68 17 110 //11
96 57 7 110 //12
128 65 0 110 //broun

DIV:Tape's Mono Trans

90 0 130 255 //Deep Purple
90 0 130 110 //^trans
150 200 255 255 //sky
150 200 255 110 //sky window trans

DIV: Tape's Others
