231 76 60 255
230 126 34 255
241 196 15 255
46 204 113 255
26 188 156 255
52 152 219 255
155 89 182 255
242 103 142 255
DIV: Standard

147 12 45 255
177 72 53 255
245 143 131 255
240 167 178 255
231 201 198 255
231 61 124 255
230 172 120 255
230 173 23 255
DIV: Reds/Oranges

1 101 77 255
0 132 85 255
154 212 163 255
210 225 193 255
109 147 70 255
177 212 94 255
207 227 155 255
65 214 46 255
DIV: Greens

0 46 90 255
0 69 110 255
30 102 178 255
165 180 211 255
131 184 245 255
141 216 248 255
182 228 248 255
53 219 187 255
DIV: Blues

231 76 60 128
230 126 34 128
241 196 15 128
46 204 113 128
52 152 219 128
155 89 182 128
242 103 142 128
255 255 255 128
DIV: Transparent

255 255 74 255
184 255 74 255
77 255 207 255
230 170 255 255
196 96 255 255
107 0 133 255
204 255 255 128
0 0 0 128
DIV: Other

228 221 211 255
235 212 180 255
200 176 150 255
153 124 94 255
109 71 62 255
74 56 54 255
108 64 22 255
130 64 22 255
DIV: Browns

255 255 255 255
224 225 226 255
193 194 195 255
156 160 160 255
132 136 136 255
79 85 90 255
54 58 63 255
0 0 0 255
DIV: Greyscale