239 49 37 255
240 140 29 255
252 185 19 255
255 221 57 255
193 216 46 255
123 173 55 255
1 135 82 255
104 200 198 255
0 101 165 255
123 43 130 255
DIV: Standard

247 174 194 255
250 201 196 255
249 171 132 255
255 241 173 255
201 213 167 255
154 227 173 255
172 224 238 255
126 176 203 255
84 98 145 255
195 196 255 255
DIV: Pastel

128 63 67 255
154 48 52 255
185 61 72 255
174 74 50 255
228 161 70 255
92 129 88 255
114 113 85 255
54 99 120 255
48 68 93 255
85 64 95 255
DIV: Regal

239 49 37 128
255 221 57 128
193 216 46 128
154 227 173 128
172 224 238 128
0 101 165 128
123 43 130 128
255 255 255 128
128 128 128 128
0 0 0 128
DIV: Trans

218 202 143 255
224 196 128 255
209 196 177 255
188 166 142 255
138 112 77 255
101 70 65 255
90 71 57 255
76 57 0 255
64 32 0 255
64 16 0 255
DIV: Browns

255 255 255 255
209 211 218 255
179 181 187 255
148 149 153 255
112 113 117 255
89 90 92 255
40 38 41 255
0 0 0 255
122 113 103 255
59 55 50 255
DIV: Greys

239 43 150 255
136 105 123 255
32 104 255 255
0 255 0 255
DIV: Other