166 65 65 255
222 52 52 255
231 193 110 255
220 215 144 255
57 180 74 255
0.000 0.500 0.250 1.000
87 109 38 255
50 105 227 255
139 90 176 255
DIV:Standards

255 125 64 255
160 66 22 255
173 91 135 255
81 30 46 255
37 69 69 255
46 85 62 255
28 41 59 255
105 145 170 255
165 189 210 255
DIV:Bolds

239 202 217 255
225 175 153 255
207 228 161 255
138 178 141 255
90 129 95 255
101 177 164 255
85 175 205 255
165 234 240 255
178 169 231 255
DIV:Softs

127 52 52 190
196 136 52 190
144 138 53 190
55 90 25 190
0.550 0.700 1.000 0.700
10 45 80 180
31 22 8 200
230 228 225 150
18 18 18 150
DIV:Transparents

199 178 156 255
150 135 120 255
115 99 87 255
85 70 65 255
54 47 45 255
29 25 24 255
229 175 121 255
100 50 0 255
30 15 0 255
DIV:Sepias

255 250 243 255
230 228 225 255
191 189 185 255
170 168 165 255
127 125 122 255
98 97 95 255
50 50 49 255
18 18 17 255
1 1 1 255
DIV:Greyscales

255 224 156 255
255 233 203 255
222 194 156 255
212 175 125 255
178 142 91 255
125 94 50 255
80 60 30 255
59 43 18 255
31 21 8 255
DIV:Browns