186 35 35 255
224 98 31 255
255 165 30 255
105 145 68 255
51 109 67 255
92 148 168 255
53 89 118 255
8 27 45 255
155 101 216 255
DIV: Emil's Colorscale

206 35 35 130
224 90 31 130
255 165 30 130
105 145 68 130
75 130 125 130
124 152 155 130
78 97 142 130
74 90 91 130
113 87 142 130
DIV: Emil's Transparents

226 97 97 255
242 161 121 255
255 200 119 255
155 183 128 255
105 173 123 255
169 197 206 255
139 154 224 255
172 140 226 255
229 160 221 255
DIV: Emil's Lightened

86 4 4 255
145 52 15 255
206 133 24 255
80 111 52 255
33 63 41 255
78 88 122 255
52 58 79 255
26 30 41 255
84 66 107 255
DIV: Emil's Darkened

105 70 51 255
135 95 60 255
160 125 78 255
89 101 58 255
69 119 63 255
95 117 119 255
55 78 81 255
31 49 51 255
219 219 219 97
DIV: Emil's Greyed

252 252 252 255
219 219 215 255
173 173 165 255
127 127 117 255
84 84 76 255
51 51 47 255
20 20 18 255
0 0 0 255
96 96 96 130
DIV: Emil's Greyscale

209 176 148 255
191 150 110 255
175 125 86 255
145 102 69 255
107 73 48 255
72 48 32 255
42 29 19 255
79 58 33 255
127 95 58 255
DIV: Emil's Browns

255 255 255 0
DIV: Emil's Invisible